0.05 3 40 0 1 0.8
0.350278396685 0.213
0.05 3 40 0 1 1
0.350582010219 0.211
0.05 3 40 0 3 0.8
0.350278396685 0.213
0.05 3 40 0 3 1
0.350582010219 0.211
0.05 3 60 0 1 0.8
0.352320709633 0.18
0.05 3 60 0 1 1
0.352669766966 0.189
0.05 3 60 0 3 0.8
0.352320709633 0.18
0.05 3 60 0 3 1
0.352669766966 0.189
0.05 3 80 0 1 0.8
0.354380465519 0.162
0.05 3 80 0 1 1
0.354014564908 0.166
0.05 3 80 0 3 0.8
0.354385720217 0.162
0.05 3 80 0 3 1
0.354014564908 0.166
0.05 6 40 0 1 0.8
0.366913282788 0.224
0.05 6 40 0 1 1
0.366146255985 0.221
0.05 6 40 0 3 0.8
0.366610131061 0.215
0.05 6 40 0 3 1
0.366016146631 0.213
0.05 6 60 0 1 0.8
0.368965056799 0.202
0.05 6 60 0 1 1
0.368541750185 0.2
0.05 6 60 0 3 0.8
0.368645219931 0.203
0.05 6 60 0 3 1
0.368181716889 0.197
0.05 6 80 0 1 0.8
0.370959726599 0.202
0.05 6 80 0 1 1
0.37068861504 0.196
0.05 6 80 0 3 0.8
0.370864589547 0.209
0.05 6 80 0 3 1
0.370656501141 0.19
0.05 9 40 0 1 0.8
0.373211846271 0.221
0.05 9 40 0 1 1
0.372927950191 0.227
0.05 9 40 0 3 0.8
0.372749856512 0.232
0.05 9 40 0 3 1
0.372397129022 0.222
0.05 9 60 0 1 0.8
0.373549939804 0.214
0.05 9 60 0 1 1
0.373724812889 0.213
0.05 9 60 0 3 0.8
0.374353380934 0.202
0.05 9 60 0 3 1
0.373339504797 0.204
0.05 9 80 0 1 0.8
0.374116034739 0.191
0.05 9 80 0 1 1
0.374968510283 0.2
0.05 9 80 0 3 0.8
0.373377541269 0.188
0.05 9 80 0 3 1
0.374036868799 0.192
0.07 3 40 0 1 0.8
0.352232224561 0.197
0.07 3 40 0 1 1
0.352692000889 0.182
0.07 3 40 0 3 0.8
0.352232224561 0.197
0.07 3 40 0 3 1
0.352692000889 0.182
0.07 3 60 0 1 0.8
0.355359713978 0.166
0.07 3 60 0 1 1
0.355260060365 0.161
0.07 3 60 0 3 0.8
0.355359713978 0.166
0.07 3 60 0 3 1
0.355258248771 0.161
0.07 3 80 0 1 0.8
0.361072075643 0.161
0.07 3 80 0 1 1
0.360587020118 0.162
0.07 3 80 0 3 0.8
0.361087021101 0.161
0.07 3 80 0 3 1
0.36056755048 0.162
0.07 6 40 0 1 0.8
0.368134689327 0.19
0.07 6 40 0 1 1
0.367356535469 0.19
0.07 6 40 0 3 0.8
0.367788761065 0.204
0.07 6 40 0 3 1
0.367560298737 0.19
0.07 6 60 0 1 0.8
0.371542235506 0.194
0.07 6 60 0 1 1
0.371135127584 0.183
0.07 6 60 0 3 0.8
0.371801343919 0.19
0.07 6 60 0 3 1
0.370859328614 0.193
0.07 6 80 0 1 0.8
0.374137872488 0.192
0.07 6 80 0 1 1
0.374094406446 0.189
0.07 6 80 0 3 0.8
0.374412584911 0.19
0.07 6 80 0 3 1
0.373906740019 0.187
0.07 9 40 0 1 0.8
0.373652040513 0.211
0.07 9 40 0 1 1
0.372939221399 0.214
0.07 9 40 0 3 0.8
0.37464131735 0.202
0.07 9 40 0 3 1
0.372797429825 0.204
0.07 9 60 0 1 0.8
0.374218552529 0.195
0.07 9 60 0 1 1
0.374061283302 0.199
0.07 9 60 0 3 0.8
0.374012889054 0.196
0.07 9 60 0 3 1
0.374061792655 0.202
0.07 9 80 0 1 0.8
0.374397646647 0.197
0.07 9 80 0 1 1
0.373981710218 0.189
0.07 9 80 0 3 0.8
0.373613157677 0.188
0.07 9 80 0 3 1
0.374541963683 0.201
0.09 3 40 0 1 0.8
0.35326918115 0.19
0.09 3 40 0 1 1
0.353962174841 0.191
0.09 3 40 0 3 0.8
0.35326918115 0.19
0.09 3 40 0 3 1
0.353962174841 0.191
0.09 3 60 0 1 0.8
0.360504004847 0.187
0.09 3 60 0 1 1
0.360317528607 0.165
0.09 3 60 0 3 0.8
0.360489271624 0.187
0.09 3 60 0 3 1
0.360501297389 0.165
0.09 3 80 0 1 0.8
0.365841091722 0.173
0.09 3 80 0 1 1
0.365110161208 0.188
0.09 3 80 0 3 0.8
0.365910430957 0.173
0.09 3 80 0 3 1
0.365723562791 0.18
0.09 6 40 0 1 0.8
0.370621212288 0.192
0.09 6 40 0 1 1
0.369191503378 0.184
0.09 6 40 0 3 0.8
0.370411416915 0.194
0.09 6 40 0 3 1
0.369145649822 0.197
0.09 6 60 0 1 0.8
0.373941248679 0.183
0.09 6 60 0 1 1
0.373355241042 0.188
0.09 6 60 0 3 0.8
0.374178066429 0.185
0.09 6 60 0 3 1
0.373613366372 0.189
0.09 6 80 0 1 0.8
0.375039411245 0.185
0.09 6 80 0 1 1
0.374769575721 0.184
0.09 6 80 0 3 0.8
0.375021154782 0.194
0.09 6 80 0 3 1
0.374316027201 0.196
0.09 9 40 0 1 0.8
0.374709990572 0.19
0.09 9 40 0 1 1
0.372983287858 0.204
0.09 9 40 0 3 0.8
0.373096280379 0.201
0.09 9 40 0 3 1
0.373039664894 0.206
0.09 9 60 0 1 0.8
0.374164309744 0.191
0.09 9 60 0 1 1
0.373600076358 0.186
0.09 9 60 0 3 0.8
0.373554263818 0.205
0.09 9 60 0 3 1
0.374295577659 0.186
0.09 9 80 0 1 0.8
0.373351906315 0.188
0.09 9 80 0 1 1
0.373096831817 0.2
0.09 9 80 0 3 0.8
0.374274661687 0.197
0.09 9 80 0 3 1
0.374377762499 0.193
0.11 3 40 0 1 0.8
0.356653793291 0.177
0.11 3 40 0 1 1
0.356692666807 0.166
0.11 3 40 0 3 0.8
0.356653793291 0.177
0.11 3 40 0 3 1
0.356692666807 0.166
0.11 3 60 0 1 0.8
0.364305277035 0.188
0.11 3 60 0 1 1
0.364550040491 0.176
0.11 3 60 0 3 0.8
0.364200460839 0.176
0.11 3 60 0 3 1
0.364638166371 0.177
0.11 3 80 0 1 0.8
0.369484452283 0.184
0.11 3 80 0 1 1
0.368599757499 0.177
0.11 3 80 0 3 0.8
0.36908040694 0.183
0.11 3 80 0 3 1
0.368107032028 0.181
0.11 6 40 0 1 0.8
0.371903786136 0.187
0.11 6 40 0 1 1
0.372181850821 0.192
0.11 6 40 0 3 0.8
0.371673040922 0.196
0.11 6 40 0 3 1
0.371656922842 0.194
0.11 6 60 0 1 0.8
0.37551251409 0.188
0.11 6 60 0 1 1
0.374657561377 0.186
0.11 6 60 0 3 0.8
0.374862218107 0.181
0.11 6 60 0 3 1
0.374452091885 0.188
0.11 6 80 0 1 0.8
0.375023291201 0.186
0.11 6 80 0 1 1
0.374477094723 0.198
0.11 6 80 0 3 0.8
0.375074130042 0.191
0.11 6 80 0 3 1
0.374402970455 0.193
0.11 9 40 0 1 0.8
0.373472737407 0.208
0.11 9 40 0 1 1
0.373263065611 0.195
0.11 9 40 0 3 0.8
0.373983655237 0.202
0.11 9 40 0 3 1
0.373318896379 0.194
0.11 9 60 0 1 0.8
0.372960728478 0.206
0.11 9 60 0 1 1
0.372767102367 0.187
0.11 9 60 0 3 0.8
0.373431751498 0.196
0.11 9 60 0 3 1
0.374123630119 0.194
0.11 9 80 0 1 0.8
0.372587235597 0.196
0.11 9 80 0 1 1
0.372684852378 0.19
0.11 9 80 0 3 0.8
0.372273037679 0.188
0.11 9 80 0 3 1
0.373178665559 0.187
0.13 3 40 0 1 0.8
0.360855935893 0.165
0.13 3 40 0 1 1
0.360923445246 0.174
0.13 3 40 0 3 0.8
0.36085274984 0.165
0.13 3 40 0 3 1
0.360943907069 0.174
0.13 3 60 0 1 0.8
0.367023287501 0.19
0.13 3 60 0 1 1
0.367482536969 0.191
0.13 3 60 0 3 0.8
0.36714081075 0.19
0.13 3 60 0 3 1
0.367544115106 0.181
0.13 3 80 0 1 0.8
0.371351925224 0.184
0.13 3 80 0 1 1
0.37171326745 0.191
0.13 3 80 0 3 0.8
0.371258530906 0.189
0.13 3 80 0 3 1
0.37160766057 0.192
0.13 6 40 0 1 0.8
0.37293572475 0.193
0.13 6 40 0 1 1
0.37394324447 0.191
0.13 6 40 0 3 0.8
0.372877912712 0.2
0.13 6 40 0 3 1
0.373732909125 0.19
0.13 6 60 0 1 0.8
0.375164771737 0.191
0.13 6 60 0 1 1
0.375041904349 0.196
0.13 6 60 0 3 0.8
0.375218404094 0.198
0.13 6 60 0 3 1
0.374913357597 0.186
0.13 6 80 0 1 0.8
0.37550204846 0.192
0.13 6 80 0 1 1
0.375517557154 0.189
0.13 6 80 0 3 0.8
0.374711549824 0.188
0.13 6 80 0 3 1
0.374298313302 0.198
0.13 9 40 0 1 0.8
0.372813185145 0.198
0.13 9 40 0 1 1
0.373609525817 0.192
0.13 9 40 0 3 0.8
0.37404421662 0.203
0.13 9 40 0 3 1
0.37364353786 0.187
0.13 9 60 0 1 0.8
0.372328343234 0.196
0.13 9 60 0 1 1
0.373467893343 0.195
0.13 9 60 0 3 0.8
0.372333214066 0.185
0.13 9 60 0 3 1
0.372684028808 0.207
0.13 9 80 0 1 0.8
0.371432800406 0.185
0.13 9 80 0 1 1
0.371224841977 0.198
0.13 9 80 0 3 0.8
0.371378855469 0.183
0.13 9 80 0 3 1
0.372671113659 0.201
0.15 3 40 0 1 0.8
0.363186717494 0.168
0.15 3 40 0 1 1
0.362572236277 0.173
0.15 3 40 0 3 0.8
0.363189899627 0.168
0.15 3 40 0 3 1
0.36258388858 0.17
0.15 3 60 0 1 0.8
0.369148935962 0.182
0.15 3 60 0 1 1
0.369244886043 0.19
0.15 3 60 0 3 0.8
0.369006727449 0.174
0.15 3 60 0 3 1
0.369011250057 0.192
0.15 3 80 0 1 0.8
0.372482319916 0.176
0.15 3 80 0 1 1
0.372232400184 0.183
0.15 3 80 0 3 0.8
0.371900236658 0.172
0.15 3 80 0 3 1
0.371790165513 0.181
0.15 6 40 0 1 0.8
0.374153756176 0.195
0.15 6 40 0 1 1
0.373729178456 0.19
0.15 6 40 0 3 0.8
0.374208545177 0.19
0.15 6 40 0 3 1
0.373230781717 0.193
0.15 6 60 0 1 0.8
0.374798991411 0.191
0.15 6 60 0 1 1
0.373805511884 0.204
0.15 6 60 0 3 0.8
0.375600137809 0.186
0.15 6 60 0 3 1
0.373858476237 0.196
0.15 6 80 0 1 0.8
0.374661503252 0.206
0.15 6 80 0 1 1
0.373278674403 0.188
0.15 6 80 0 3 0.8
0.374711895274 0.19
0.15 6 80 0 3 1
0.374152276125 0.201
0.15 9 40 0 1 0.8
0.37268946618 0.199
0.15 9 40 0 1 1
0.373398286623 0.204
0.15 9 40 0 3 0.8
0.371257768636 0.192
0.15 9 40 0 3 1
0.374102572182 0.201
0.15 9 60 0 1 0.8
0.371757185115 0.196
0.15 9 60 0 1 1
0.372923696449 0.206
0.15 9 60 0 3 0.8
0.370893437786 0.19
0.15 9 60 0 3 1
0.372879801758 0.192
0.15 9 80 0 1 0.8
0.370302995033 0.193
0.15 9 80 0 1 1
0.371009342483 0.211
0.15 9 80 0 3 0.8
0.370860719507 0.192
0.15 9 80 0 3 1
0.37169311707 0.183
0.17 3 40 0 1 0.8
0.365068347641 0.175
0.17 3 40 0 1 1
0.364925761641 0.187
0.17 3 40 0 3 0.8
0.364862287416 0.175
0.17 3 40 0 3 1
0.36493436699 0.187
0.17 3 60 0 1 0.8
0.371118633642 0.191
0.17 3 60 0 1 1
0.370563841878 0.185
0.17 3 60 0 3 0.8
0.37089375082 0.189
0.17 3 60 0 3 1
0.369967726068 0.183
0.17 3 80 0 1 0.8
0.373070151691 0.182
0.17 3 80 0 1 1
0.372696556263 0.182
0.17 3 80 0 3 0.8
0.372776985938 0.188
0.17 3 80 0 3 1
0.372668068601 0.184
0.17 6 40 0 1 0.8
0.374442440216 0.191
0.17 6 40 0 1 1
0.374840301374 0.182
0.17 6 40 0 3 0.8
0.375112369675 0.19
0.17 6 40 0 3 1
0.374846491928 0.185
0.17 6 60 0 1 0.8
0.374005266056 0.191
0.17 6 60 0 1 1
0.374947256595 0.198
0.17 6 60 0 3 0.8
0.373859944624 0.184
0.17 6 60 0 3 1
0.375957768588 0.197
0.17 6 80 0 1 0.8
0.374833630562 0.201
0.17 6 80 0 1 1
0.374343354783 0.193
0.17 6 80 0 3 0.8
0.373308812838 0.188
0.17 6 80 0 3 1
0.37411882359 0.193
0.17 9 40 0 1 0.8
0.371496947376 0.198
0.17 9 40 0 1 1
0.371340920642 0.175
0.17 9 40 0 3 0.8
0.372546246544 0.188
0.17 9 40 0 3 1
0.372392264384 0.196
0.17 9 60 0 1 0.8
0.370825357077 0.179
0.17 9 60 0 1 1
0.370314008453 0.193
0.17 9 60 0 3 0.8
0.37077321262 0.198
0.17 9 60 0 3 1
0.37183618605 0.204
0.17 9 80 0 1 0.8
0.368456837092 0.177
0.17 9 80 0 1 1
0.369244367008 0.195
0.17 9 80 0 3 0.8
0.370347191359 0.181
0.17 9 80 0 3 1
0.369836937601 0.199
0.19 3 40 0 1 0.8
0.367259322368 0.188
0.19 3 40 0 1 1
0.365540330687 0.18
0.19 3 40 0 3 0.8
0.367370613429 0.188
0.19 3 40 0 3 1
0.365730043989 0.181
0.19 3 60 0 1 0.8
0.37145593994 0.181
0.19 3 60 0 1 1
0.370731223476 0.178
0.19 3 60 0 3 0.8
0.371552435973 0.182
0.19 3 60 0 3 1
0.371161229735 0.178
0.19 3 80 0 1 0.8
0.372981555914 0.179
0.19 3 80 0 1 1
0.372515041023 0.19
0.19 3 80 0 3 0.8
0.37251090438 0.18
0.19 3 80 0 3 1
0.372816493675 0.177
0.19 6 40 0 1 0.8
0.374558137752 0.198
0.19 6 40 0 1 1
0.375436017567 0.193
0.19 6 40 0 3 0.8
0.374958737912 0.19
0.19 6 40 0 3 1
0.374223013697 0.195
0.19 6 60 0 1 0.8
0.375096828278 0.194
0.19 6 60 0 1 1
0.374302475486 0.196
0.19 6 60 0 3 0.8
0.37400590311 0.206
0.19 6 60 0 3 1
0.374752253807 0.2
0.19 6 80 0 1 0.8
0.374404665043 0.193
0.19 6 80 0 1 1
0.373969772234 0.194
0.19 6 80 0 3 0.8
0.373883780243 0.194
0.19 6 80 0 3 1
0.373887505871 0.195
0.19 9 40 0 1 0.8
0.370347337936 0.184
0.19 9 40 0 1 1
0.372377242276 0.182
0.19 9 40 0 3 0.8
0.370400718605 0.193
0.19 9 40 0 3 1
0.371952088397 0.204
0.19 9 60 0 1 0.8
0.368494742142 0.19
0.19 9 60 0 1 1
0.371252058594 0.202
0.19 9 60 0 3 0.8
0.369591795468 0.188
0.19 9 60 0 3 1
0.370520552266 0.191
0.19 9 80 0 1 0.8
0.366584066151 0.185
0.19 9 80 0 1 1
0.369006671005 0.192
0.19 9 80 0 3 0.8
0.367874083257 0.205
0.19 9 80 0 3 1
0.369569932402 0.192
0.21 3 40 0 1 0.8
0.368633417312 0.185
0.21 3 40 0 1 1
0.368635453277 0.18
0.21 3 40 0 3 0.8
0.368415664925 0.181
0.21 3 40 0 3 1
0.368501060418 0.187
0.21 3 60 0 1 0.8
0.372278935228 0.188
0.21 3 60 0 1 1
0.371796514314 0.185
0.21 3 60 0 3 0.8
0.372869171139 0.187
0.21 3 60 0 3 1
0.371352587463 0.189
0.21 3 80 0 1 0.8
0.373687986695 0.196
0.21 3 80 0 1 1
0.373295549775 0.19
0.21 3 80 0 3 0.8
0.373618592687 0.196
0.21 3 80 0 3 1
0.372993571017 0.185
0.21 6 40 0 1 0.8
0.373247927459 0.21
0.21 6 40 0 1 1
0.374838537942 0.197
0.21 6 40 0 3 0.8
0.374020228178 0.185
0.21 6 40 0 3 1
0.374505106605 0.186
0.21 6 60 0 1 0.8
0.373135166499 0.187
0.21 6 60 0 1 1
0.373953843503 0.199
0.21 6 60 0 3 0.8
0.374573349716 0.187
0.21 6 60 0 3 1
0.375028216105 0.202
0.21 6 80 0 1 0.8
0.373181844578 0.204
0.21 6 80 0 1 1
0.373500762909 0.189
0.21 6 80 0 3 0.8
0.373912771082 0.188
0.21 6 80 0 3 1
0.37382554498 0.199
0.21 9 40 0 1 0.8
0.369231752368 0.182
0.21 9 40 0 1 1
0.369676752041 0.196
0.21 9 40 0 3 0.8
0.369668529023 0.178
0.21 9 40 0 3 1
0.36994944592 0.185
0.21 9 60 0 1 0.8
0.367776770323 0.187
0.21 9 60 0 1 1
0.366503225353 0.186
0.21 9 60 0 3 0.8
0.367780639563 0.181
0.21 9 60 0 3 1
0.367448607827 0.207
0.21 9 80 0 1 0.8
0.36558470405 0.179
0.21 9 80 0 1 1
0.365268939728 0.21
0.21 9 80 0 3 0.8
0.366780419932 0.188
0.21 9 80 0 3 1
0.366603463201 0.173
0.23 3 40 0 1 0.8
0.37067359947 0.188
0.23 3 40 0 1 1
0.369252603741 0.177
0.23 3 40 0 3 0.8
0.370416997015 0.188
0.23 3 40 0 3 1
0.369392314787 0.176
0.23 3 60 0 1 0.8
0.373177741962 0.196
0.23 3 60 0 1 1
0.372933536909 0.181
0.23 3 60 0 3 0.8
0.372757864487 0.182
0.23 3 60 0 3 1
0.372326179703 0.195
0.23 3 80 0 1 0.8
0.374288187993 0.198
0.23 3 80 0 1 1
0.373653539382 0.191
0.23 3 80 0 3 0.8
0.374144605228 0.191
0.23 3 80 0 3 1
0.373292444912 0.201
0.23 6 40 0 1 0.8
0.374374859563 0.19
0.23 6 40 0 1 1
0.373905411855 0.199
0.23 6 40 0 3 0.8
0.373690927659 0.192
0.23 6 40 0 3 1
0.373919090474 0.195
0.23 6 60 0 1 0.8
0.373426423842 0.188
0.23 6 60 0 1 1
0.373291902656 0.198
0.23 6 60 0 3 0.8
0.37373071852 0.197
0.23 6 60 0 3 1
0.373727573039 0.194
0.23 6 80 0 1 0.8
0.373315665289 0.188
0.23 6 80 0 1 1
0.373195665313 0.198
0.23 6 80 0 3 0.8
0.372491644017 0.199
0.23 6 80 0 3 1
0.371822014206 0.189
0.23 9 40 0 1 0.8
0.368808397232 0.187
0.23 9 40 0 1 1
0.369609522593 0.195
0.23 9 40 0 3 0.8
0.370071344879 0.201
0.23 9 40 0 3 1
0.369479447807 0.189
0.23 9 60 0 1 0.8
0.365693293481 0.195
0.23 9 60 0 1 1
0.367729045923 0.19
0.23 9 60 0 3 0.8
0.368573222027 0.189
0.23 9 60 0 3 1
0.368793523125 0.201
0.23 9 80 0 1 0.8
0.362583615456 0.177
0.23 9 80 0 1 1
0.366022092792 0.193
0.23 9 80 0 3 0.8
0.365103440747 0.19
0.23 9 80 0 3 1
0.367709208258 0.209
0.17 6 60 0 3 1 0.197
0.17 6 60 0 3 1 0.197
